osnova_1001 = [
2001       205.6006     5.862  %excil
1001       232.6174     3.744  %centr
1004       302.6270  6401.946
1003       325.5594  4794.423
1002       362.1348  5914.884

%filip
%  1004         0.0425  6401.946
%  1003        22.9678  4794.423
%  1002        59.5468  5914.884
%  2001       301.5301     8.599  %excil
%  1001       316.6079     6.302  %centr
];

osnova_1002 = [
1003       181.5142  3221.018
1004       196.6045  5576.270
2002       244.0243     7.858  %excil
1002       304.1015     6.768  %centr
1001       121.3249  5914.855

%filip
%  1001        95.3269  5914.855
%  1003       155.4864  3221.018
%  1004       170.5965  5576.270
%  2002       227.7522     8.518  %excil
%  1002       287.0163     4.954  %centr
];

osnova_1003 = [
%bara
%  1002	   212.6442  3221.001
%  1005	   299.7458  1580.890
%  1001	   316.0215  4794.377
%  1003	   374.5012     2.251  %centr
%  2003	    22.8797     3.367  %excil
%  1004	    46.9522  2558.117

%freedy
%  1002      111.3898   3221.001
%  1005      198.5952   1580.890
%  1001      214.8808   4794.377
%  1003      334.8368      2.683   %centr  
%  1004      345.8557   2558.117
%  2003      354.7830      4.7225  %excil

%filip
%  1005     21.2615   1580.890       
%  1001     37.5302   4794.377       
%  1003    154.9670      3.470   %centr
%  1004    168.4852   2558.117
%  2003    173.1026      5.477   %excil
%  1002    334.0192   3221.001

%pavla
1005     59.8290   1580.890  
1001     76.0928   4794.377
1003    192.4378      3.634   %centr
1004    207.0441   2558.117   
2003    210.5086      5.638   %excil
1002    372.6451   3221.001   
                   
];

osnova_1004 = [
1002        47.8194  5576.234
1003        66.9922  2558.117
2004        84.5570     4.338  %excil
1001       112.9863  6401.946
1004       138.9063     7.994  %centr

%filip
%  1002        16.3022  5576.234
%  1003        35.5152  2558.117
%  2004        54.1810     6.144  %excil
%  1001        81.4893  6401.946
%  1004        98.5750     9.330  %centr
];

osnova_1005 = [
1003       155.2633  1580.890
2005        92.5414     2.847  %excil
1005        92.5414     2.847  %centr
];