gnss=[
090 50 7 9.43939 16 56 22.70633 512.1109 0.0010
110 50 7 33.49749 16 56 54.18865 519.1429 0.0026
121 50 8 9.2643 16 57 17.94113 528.3497 0.0017
130 50 8 26.35846 16 57 18.23626 534.9353 0.0037
140 50 8 53.47241 16 56 55.50016 541.7264 0.0017
150 50 9 10.63112 16 56 49.72071 552.4275 0.0027
161 50 9 25.23627 16 56 47.08182 563.516 0.0017
180 50 9 37.56666 16 56 47.47688 571.9366 0.0025
210 50 9 44.30416 16 56 44.62885 584.4101 0.0016
230 50 9 51.06082 16 56 46.01355 568.8626 0.0019
250 50 10 2.46329 16 56 40.84927 578.1787 0.0034
270 50 10 34.98472 16 56 21.94586 587.7147 0.0025
280 50 10 40.51819 16 56 16.29323 591.5283 0.0043
290 50 10 45.3511 16 55 57.8112 600.0099 0.0019
300 50 10 49.73872 16 55 30.48533 610.4387 0.0030
310 50 11 12.08935 16 55 17.17753 627.3721 0.0158
311 50 11 27.5299 16 55 10.47781 637.2023 0.0052
320 50 11 36.57299 16 55 9.19035 643.9887 0.0034
331 50 11 52.43552 16 55 1.80807 657.1945 0.0039
340 50 12 12.87841 16 54 55.36634 676.6222 0.0033
350 50 12 30.78104 16 55 9.92745 699.4798 0.0038
360 50 12 39.67604 16 55 14.36428 711.6661 0.0030
370 50 12 58.61417 16 55 18.19862 741.8758 0.0026
391 50 13 23.00135 16 55 11.99484 803.6042 0.0033
430 50 13 11.58434 16 55 29.70635 828.5719 0.0023
440 50 13 23.29171 16 55 24.76767 844.5656 0.0059
];


